PopName,Sex,Year,Age,mx,qx,ax,lx,dx,Lx,Tx,ex
Div2,m,1960-1969,0,0.02628,0.02568,0.12,100000,2568,97729,6674631,66.75
Div2,m,1960-1969,1-4,0.00091,0.00362,1.68,97432,353,388909,6576903,67.50
Div2,m,1960-1969,5-9,0.00048,0.00241,2.31,97079,234,484767,6187994,63.74
Div2,m,1960-1969,10-14,0.00045,0.00223,2.71,96845,216,483732,5703227,58.89
Div2,m,1960-1969,15-19,0.00120,0.00597,2.93,96629,577,481955,5219495,54.02
Div2,m,1960-1969,20-24,0.00168,0.00837,2.48,96053,804,478243,4737539,49.32
Div2,m,1960-1969,25-29,0.00168,0.00835,2.52,95249,795,474271,4259297,44.72
Div2,m,1960-1969,30-34,0.00195,0.00972,2.6,94454,919,470066,3785026,40.07
Div2,m,1960-1969,35-39,0.00287,0.01426,2.67,93536,1334,464564,3314960,35.44
Div2,m,1960-1969,40-44,0.00455,0.02251,2.67,92202,2075,456168,2850395,30.91
Div2,m,1960-1969,45-49,0.00743,0.03653,2.68,90126,3292,442988,2394227,26.57
Div2,m,1960-1969,50-54,0.01234,0.05995,2.67,86834,5206,422014,1951239,22.47
Div2,m,1960-1969,55-59,0.01930,0.09231,2.64,81628,7535,390341,1529225,18.73
Div2,m,1960-1969,60-64,0.02970,0.13861,2.6,74093,10270,345824,1138884,15.37
Div2,m,1960-1969,65-69,0.04405,0.19881,2.55,63823,12689,288039,793060,12.43
Div2,m,1960-1969,70-74,0.06433,0.27751,2.53,51135,14190,220575,505021,9.88
Div2,m,1960-1969,75-79,0.09212,0.37274,2.44,36944,13771,149495,284446,7.70
Div2,m,1960-1969,80-84,0.13814,0.50741,2.39,23174,11759,85119,134951,5.82
Div2,m,1960-1969,85-89,0.20170,0.64698,2.23,11415,7385,36615,49832,4.37
Div2,m,1960-1969,90-94,0.28610,0.77545,2.05,4030,3125,10922,13217,3.28
Div2,m,1960-1969,95-99,0.38214,0.86743,1.85,905,785,2054,2295,2.54
Div2,m,1960-1969,100-104,0.49161,0.92754,1.64,120,111,226,241,2.01
Div2,m,1960-1969,105-109,0.60238,0.96085,1.46,9,8,14,14,1.65
Div2,m,1960-1969,110+,0.68939,1.00000,1.45,0,0,0,0,1.45
Div2,m,1970-1979,0,0.01828,0.01799,0.09,100000,1799,98371,6845766,68.46
Div2,m,1970-1979,1-4,0.00072,0.00287,1.74,98201,282,392167,6747395,68.71
Div2,m,1970-1979,5-9,0.00040,0.00198,2.31,97919,194,489076,6355229,64.90
Div2,m,1970-1979,10-14,0.00039,0.00195,2.77,97726,190,488205,5866152,60.03
Div2,m,1970-1979,15-19,0.00127,0.00632,2.94,97536,617,486406,5377947,55.14
Div2,m,1970-1979,20-24,0.00199,0.00989,2.5,96919,958,482194,4891541,50.47
Div2,m,1970-1979,25-29,0.00186,0.00925,2.48,95960,887,477566,4409346,45.95
Div2,m,1970-1979,30-34,0.00204,0.01015,2.58,95073,965,473026,3931781,41.36
Div2,m,1970-1979,35-39,0.00276,0.01373,2.63,94108,1293,467478,3458755,36.75
Div2,m,1970-1979,40-44,0.00415,0.02053,2.67,92815,1906,459631,2991277,32.23
Div2,m,1970-1979,45-49,0.00675,0.03323,2.65,90910,3021,447459,2531646,27.85
Div2,m,1970-1979,50-54,0.01046,0.05103,2.65,87889,4485,428901,2084187,23.71
Div2,m,1970-1979,55-59,0.01641,0.07902,2.65,83404,6590,401506,1655286,19.85
Div2,m,1970-1979,60-64,0.02571,0.12116,2.62,76814,9307,361929,1253780,16.32
Div2,m,1970-1979,65-69,0.03881,0.17738,2.58,67507,11974,308504,891851,13.21
Div2,m,1970-1979,70-74,0.05768,0.25253,2.54,55532,14023,243131,583347,10.50
Div2,m,1970-1979,75-79,0.08535,0.35119,2.48,41509,14578,170791,340216,8.20
Div2,m,1970-1979,80-84,0.12508,0.47207,2.4,26931,12714,101644,169424,6.29
Div2,m,1970-1979,85-89,0.18079,0.60563,2.28,14218,8611,47629,67781,4.77
Div2,m,1970-1979,90-94,0.25737,0.73945,2.12,5607,4146,16109,20152,3.59
Div2,m,1970-1979,95-99,0.34719,0.83909,1.92,1461,1226,3531,4043,2.77
Div2,m,1970-1979,100-104,0.45099,0.90900,1.72,235,214,474,512,2.18
Div2,m,1970-1979,105-109,0.55954,0.95013,1.52,21,20,36,38,1.78
Div2,m,1970-1979,110+,0.64668,1.00000,1.55,1,1,2,2,1.55
Div2,m,1980-1989,0,0.01244,0.01230,0.08,100000,1230,98866,7058411,70.58
Div2,m,1980-1989,1-4,0.00054,0.00216,1.69,98770,213,394586,6959545,70.46
Div2,m,1980-1989,5-9,0.00027,0.00137,2.39,98556,135,492429,6564959,66.61
Div2,m,1980-1989,10-14,0.00030,0.00150,2.77,98421,148,491776,6072530,61.70
Div2,m,1980-1989,15-19,0.00101,0.00502,2.94,98273,493,490352,5580754,56.79
Div2,m,1980-1989,20-24,0.00159,0.00794,2.56,97780,776,487004,5090401,52.06
Div2,m,1980-1989,25-29,0.00186,0.00926,2.56,97004,898,482827,4603397,47.46
Div2,m,1980-1989,30-34,0.00234,0.01161,2.57,96106,1116,477813,4120570,42.88
Div2,m,1980-1989,35-39,0.00291,0.01445,2.56,94990,1372,471607,3642758,38.35
Div2,m,1980-1989,40-44,0.00377,0.01870,2.61,93618,1751,463908,3171151,33.87
Div2,m,1980-1989,45-49,0.00560,0.02765,2.65,91867,2540,453369,2707243,29.47
Div2,m,1980-1989,50-54,0.00869,0.04256,2.65,89327,3802,437695,2253874,25.23
Div2,m,1980-1989,55-59,0.01356,0.06571,2.64,85525,5620,414351,1816179,21.24
Div2,m,1980-1989,60-64,0.02118,0.10081,2.61,79906,8056,380311,1401828,17.54
Div2,m,1980-1989,65-69,0.03227,0.14975,2.6,71850,10760,333452,1021516,14.22
Div2,m,1980-1989,70-74,0.04999,0.22284,2.57,61090,13613,272331,688064,11.26
Div2,m,1980-1989,75-79,0.07395,0.31228,2.51,47477,14826,200474,415733,8.76
Div2,m,1980-1989,80-84,0.11597,0.44672,2.43,32651,14586,125769,215259,6.59
Div2,m,1980-1989,85-89,0.17123,0.58606,2.31,18065,10587,61831,89490,4.95
Div2,m,1980-1989,90-94,0.24763,0.72611,2.15,7478,5430,21926,27660,3.70
Div2,m,1980-1989,95-99,0.34223,0.83530,1.94,2048,1711,4999,5733,2.80
Div2,m,1980-1989,100-104,0.45078,0.90938,1.72,337,307,681,734,2.18
Div2,m,1980-1989,105-109,0.56457,0.95181,1.52,31,29,52,54,1.76
Div2,m,1980-1989,110+,0.65574,1.00000,1.52,1,1,2,2,1.52
Div2,m,1990-1999,0,0.00906,0.00899,0.07,100000,899,99164,7267031,72.67
Div2,m,1990-1999,1-4,0.00041,0.00163,1.65,99101,161,396027,7167867,72.33
Div2,m,1990-1999,5-9,0.00020,0.00098,2.39,98940,97,494448,6771840,68.44
Div2,m,1990-1999,10-14,0.00025,0.00123,2.82,98843,121,493952,6277391,63.51
Div2,m,1990-1999,15-19,0.00090,0.00447,2.95,98722,441,492706,5783440,58.58
Div2,m,1990-1999,20-24,0.00140,0.00699,2.5,98281,687,489685,5290734,53.83
Div2,m,1990-1999,25-29,0.00161,0.00801,2.59,97593,781,486081,4801048,49.19
Div2,m,1990-1999,30-34,0.00220,0.01095,2.6,96812,1060,481517,4314967,44.57
Div2,m,1990-1999,35-39,0.00294,0.01460,2.61,95752,1398,475419,3833450,40.04
Div2,m,1990-1999,40-44,0.00391,0.01937,2.59,94353,1828,467354,3358031,35.59
Div2,m,1990-1999,45-49,0.00509,0.02517,2.6,92526,2328,457047,2890677,31.24
Div2,m,1990-1999,50-54,0.00710,0.03493,2.64,90197,3150,443543,2433631,26.98
Div2,m,1990-1999,55-59,0.01089,0.05307,2.65,87047,4620,424392,1990088,22.86
Div2,m,1990-1999,60-64,0.01702,0.08180,2.64,82427,6743,396233,1565696,18.99
Div2,m,1990-1999,65-69,0.02660,0.12503,2.61,75684,9463,355794,1169463,15.45
Div2,m,1990-1999,70-74,0.04053,0.18451,2.58,66222,12219,301484,813669,12.29
Div2,m,1990-1999,75-79,0.06190,0.26875,2.55,54003,14513,234457,512185,9.48
Div2,m,1990-1999,80-84,0.10234,0.40654,2.47,39490,16054,156877,277728,7.03
Div2,m,1990-1999,85-89,0.15929,0.56046,2.36,23435,13135,82455,120851,5.16
Div2,m,1990-1999,90-94,0.24348,0.72104,2.17,10301,7427,30505,38395,3.73
Div2,m,1990-1999,95-99,0.34849,0.84246,1.93,2873,2421,6946,7891,2.75
Div2,m,1990-1999,100-104,0.47122,0.92025,1.69,453,417,884,944,2.09
Div2,m,1990-1999,105-109,0.59817,0.96071,1.47,36,35,58,60,1.66
Div2,m,1990-1999,110+,0.69781,1.00000,1.43,1,1,2,2,1.43
Div2,m,2000-2009,0,0.00707,0.00703,0.06,100000,703,99342,7562515,75.63
Div2,m,2000-2009,1-4,0.00027,0.00109,1.63,99297,109,396933,7463173,75.16
Div2,m,2000-2009,5-9,0.00013,0.00067,2.37,99189,67,495768,7066240,71.24
Div2,m,2000-2009,10-14,0.00017,0.00084,2.82,99122,83,495428,6570472,66.29
Div2,m,2000-2009,15-19,0.00069,0.00347,3.07,99039,343,494531,6075044,61.34
Div2,m,2000-2009,20-24,0.00127,0.00632,2.56,98695,624,491954,5580513,56.54
Div2,m,2000-2009,25-29,0.00126,0.00627,2.52,98072,615,488832,5088559,51.89
Div2,m,2000-2009,30-34,0.00135,0.00674,2.58,97457,657,485694,4599727,47.20
Div2,m,2000-2009,35-39,0.00179,0.00889,2.63,96800,860,481962,4114033,42.50
Div2,m,2000-2009,40-44,0.00267,0.01328,2.65,95939,1274,476710,3632070,37.86
Div2,m,2000-2009,45-49,0.00403,0.01995,2.65,94666,1889,468900,3155360,33.33
Div2,m,2000-2009,50-54,0.00602,0.02968,2.63,92777,2753,457363,2686461,28.96
Div2,m,2000-2009,55-59,0.00875,0.04288,2.64,90024,3860,440998,2229098,24.76
Div2,m,2000-2009,60-64,0.01324,0.06419,2.65,86164,5531,417820,1788101,20.75
Div2,m,2000-2009,65-69,0.02013,0.09607,2.63,80633,7746,384841,1370281,16.99
Div2,m,2000-2009,70-74,0.03151,0.14655,2.62,72887,10682,338974,985439,13.52
Div2,m,2000-2009,75-79,0.05037,0.22456,2.59,62205,13969,277300,646466,10.39
Div2,m,2000-2009,80-84,0.08579,0.35397,2.53,48237,17074,199026,369166,7.65
Div2,m,2000-2009,85-89,0.14365,0.52424,2.42,31162,16337,113723,170140,5.46
Div2,m,2000-2009,90-94,0.23520,0.71094,2.22,14826,10540,44814,56417,3.81
Div2,m,2000-2009,95-99,0.35277,0.84817,1.94,4286,3635,10304,11603,2.71
Div2,m,2000-2009,100-104,0.49304,0.93074,1.66,651,606,1228,1299,2.00
Div2,m,2000-2009,105-109,0.63557,0.96879,1.41,45,44,69,71,1.57
Div2,m,2000-2009,110+,0.74367,1.00000,1.34,1,1,2,2,1.34
Div2,m,2010-2019,0,0.00556,0.00553,0.06,100000,553,99480,7734130,77.34
Div2,m,2010-2019,1-4,0.00022,0.00086,1.67,99447,86,397589,7634650,76.77
Div2,m,2010-2019,5-9,0.00011,0.00057,2.49,99362,56,496667,7237061,72.84
Div2,m,2010-2019,10-14,0.00014,0.00070,2.81,99305,70,496374,6740394,67.88
Div2,m,2010-2019,15-19,0.00052,0.00259,3.08,99235,257,495682,6244020,62.92
Div2,m,2010-2019,20-24,0.00121,0.00604,2.65,98978,597,493485,5748337,58.08
Div2,m,2010-2019,25-29,0.00144,0.00719,2.53,98381,707,490160,5254852,53.41
Div2,m,2010-2019,30-34,0.00160,0.00798,2.55,97674,780,486457,4764692,48.78
Div2,m,2010-2019,35-39,0.00184,0.00913,2.57,96894,885,482323,4278234,44.15
Div2,m,2010-2019,40-44,0.00232,0.01153,2.61,96009,1107,477401,3795912,39.54
Div2,m,2010-2019,45-49,0.00345,0.01713,2.66,94902,1625,470715,3318510,34.97
Div2,m,2010-2019,50-54,0.00540,0.02665,2.66,93277,2486,460567,2847796,30.53
Div2,m,2010-2019,55-59,0.00805,0.03949,2.63,90791,3586,445472,2387229,26.29
Div2,m,2010-2019,60-64,0.01174,0.05711,2.63,87205,4980,424207,1941757,22.27
Div2,m,2010-2019,65-69,0.01696,0.08150,2.62,82225,6701,395174,1517550,18.46
Div2,m,2010-2019,70-74,0.02584,0.12173,2.63,75524,9194,355794,1122376,14.86
Div2,m,2010-2019,75-79,0.04107,0.18700,2.61,66330,12404,301984,766582,11.56
Div2,m,2010-2019,80-84,0.06864,0.29430,2.58,53926,15871,231219,464598,8.62
Div2,m,2010-2019,85-89,0.11880,0.45761,2.49,38056,17415,146587,233379,6.13
Div2,m,2010-2019,90-94,0.20556,0.66034,2.29,20641,13630,66309,86792,4.20
Div2,m,2010-2019,95-99,0.32247,0.82137,2.01,7011,5759,17857,20483,2.92
Div2,m,2010-2019,100-104,0.46764,0.92089,1.71,1252,1153,2466,2625,2.10
Div2,m,2010-2019,105-109,0.61963,0.96626,1.44,99,96,155,159,1.61
Div2,m,2010-2019,110+,0.73618,1.00000,1.36,3,3,5,5,1.36
