PopName,Sex,Year,Age,mx,qx,ax,lx,dx,Lx,Tx,ex
Div7,b,1960-1969,0,0.02666,0.02605,0.12,100000,2605,97714,7014255,70.14
Div7,b,1960-1969,1-4,0.00118,0.00469,1.56,97395,457,388465,6916542,71.02
Div7,b,1960-1969,5-9,0.00049,0.00242,2.3,96938,235,484055,6528077,67.34
Div7,b,1960-1969,10-14,0.00047,0.00235,2.73,96703,228,482998,6044022,62.50
Div7,b,1960-1969,15-19,0.00112,0.00561,2.79,96475,541,481182,5561024,57.64
Div7,b,1960-1969,20-24,0.00147,0.00734,2.52,95935,705,477925,5079843,52.95
Div7,b,1960-1969,25-29,0.00150,0.00748,2.53,95230,713,474387,4601917,48.32
Div7,b,1960-1969,30-34,0.00183,0.00911,2.62,94517,861,470536,4127530,43.67
Div7,b,1960-1969,35-39,0.00258,0.01281,2.66,93657,1200,465474,3656994,39.05
Div7,b,1960-1969,40-44,0.00387,0.01918,2.66,92457,1773,458134,3191520,34.52
Div7,b,1960-1969,45-49,0.00586,0.02890,2.66,90684,2621,447294,2733387,30.14
Div7,b,1960-1969,50-54,0.00901,0.04414,2.66,88063,3887,431202,2286093,25.96
Div7,b,1960-1969,55-59,0.01330,0.06447,2.62,84176,5427,407977,1854890,22.04
Div7,b,1960-1969,60-64,0.01982,0.09463,2.62,78749,7452,376034,1446913,18.37
Div7,b,1960-1969,65-69,0.02976,0.13883,2.58,71297,9898,332562,1070879,15.02
Div7,b,1960-1969,70-74,0.04377,0.19785,2.58,61399,12148,277560,738317,12.02
Div7,b,1960-1969,75-79,0.06488,0.27950,2.52,49251,13766,212166,460757,9.36
Div7,b,1960-1969,80-84,0.10381,0.41159,2.49,35485,14605,140696,248591,7.01
Div7,b,1960-1969,85-89,0.16210,0.56655,2.34,20880,11829,72977,107895,5.17
Div7,b,1960-1969,90-94,0.23527,0.70513,2.16,9050,6382,27125,34918,3.86
Div7,b,1960-1969,95-99,0.32588,0.82036,1.97,2669,2189,6718,7793,2.92
Div7,b,1960-1969,100-104,0.43666,0.90247,1.75,479,433,991,1074,2.24
Div7,b,1960-1969,105-109,0.55518,0.94954,1.54,47,44,80,84,1.79
Div7,b,1960-1969,110+,0.65105,1.00000,1.54,2,2,4,4,1.54
Div7,b,1970-1979,0,0.01846,0.01815,0.1,100000,1815,98365,7180010,71.80
Div7,b,1970-1979,1-4,0.00084,0.00337,1.62,98185,331,391950,7081645,72.13
Div7,b,1970-1979,5-9,0.00041,0.00203,2.36,97853,199,488742,6689695,68.36
Div7,b,1970-1979,10-14,0.00043,0.00213,2.76,97654,208,487805,6200953,63.50
Div7,b,1970-1979,15-19,0.00116,0.00579,2.85,97446,564,486016,5713148,58.63
Div7,b,1970-1979,20-24,0.00149,0.00742,2.5,96882,718,482618,5227132,53.95
Div7,b,1970-1979,25-29,0.00150,0.00748,2.51,96164,719,479027,4744514,49.34
Div7,b,1970-1979,30-34,0.00168,0.00834,2.59,95445,796,475307,4265487,44.69
Div7,b,1970-1979,35-39,0.00234,0.01163,2.65,94648,1101,470654,3790180,40.04
Div7,b,1970-1979,40-44,0.00353,0.01752,2.66,93547,1638,463910,3319526,35.48
Div7,b,1970-1979,45-49,0.00551,0.02721,2.67,91909,2501,453713,2855616,31.07
Div7,b,1970-1979,50-54,0.00837,0.04105,2.63,89408,3670,438352,2401903,26.86
Div7,b,1970-1979,55-59,0.01239,0.06018,2.63,85738,5160,416485,1963551,22.90
Div7,b,1970-1979,60-64,0.01855,0.08884,2.62,80578,7159,385876,1547066,19.20
Div7,b,1970-1979,65-69,0.02665,0.12520,2.59,73419,9192,344975,1161190,15.82
Div7,b,1970-1979,70-74,0.03966,0.18095,2.58,64227,11622,293004,816216,12.71
Div7,b,1970-1979,75-79,0.05960,0.25993,2.54,52605,13674,229444,523212,9.95
Div7,b,1970-1979,80-84,0.09337,0.37836,2.5,38931,14730,157769,293768,7.55
Div7,b,1970-1979,85-89,0.14393,0.52241,2.38,24201,12643,87840,135998,5.62
Div7,b,1970-1979,90-94,0.21370,0.67069,2.22,11558,7752,36274,48159,4.17
Div7,b,1970-1979,95-99,0.30159,0.79504,2.03,3806,3026,10034,11885,3.12
Div7,b,1970-1979,100-104,0.41050,0.88746,1.8,780,692,1687,1851,2.37
Div7,b,1970-1979,105-109,0.53025,0.94217,1.58,88,83,156,164,1.87
Div7,b,1970-1979,110+,0.62862,1.00000,1.59,5,5,8,8,1.59
Div7,b,1980-1989,0,0.01108,0.01097,0.08,100000,1097,98990,7409711,74.10
Div7,b,1980-1989,1-4,0.00062,0.00249,1.63,98903,246,395029,7310721,73.92
Div7,b,1980-1989,5-9,0.00029,0.00147,2.4,98657,145,492909,6915692,70.10
Div7,b,1980-1989,10-14,0.00032,0.00159,2.77,98512,156,492213,6422783,65.20
Div7,b,1980-1989,15-19,0.00100,0.00499,2.88,98356,491,490741,5930570,60.30
Div7,b,1980-1989,20-24,0.00140,0.00695,2.51,97865,680,487634,5439828,55.58
Div7,b,1980-1989,25-29,0.00141,0.00704,2.51,97185,684,484220,4952195,50.96
Div7,b,1980-1989,30-34,0.00156,0.00778,2.56,96501,751,480675,4467975,46.30
Div7,b,1980-1989,35-39,0.00194,0.00963,2.62,95750,922,476556,3987301,41.64
Div7,b,1980-1989,40-44,0.00275,0.01367,2.67,94828,1296,471113,3510745,37.02
Div7,b,1980-1989,45-49,0.00424,0.02097,2.66,93532,1962,463072,3039631,32.50
Div7,b,1980-1989,50-54,0.00678,0.03335,2.66,91570,3054,450704,2576559,28.14
Div7,b,1980-1989,55-59,0.01058,0.05160,2.66,88516,4568,431876,2125856,24.02
Div7,b,1980-1989,60-64,0.01599,0.07702,2.62,83948,6466,404356,1693980,20.18
Div7,b,1980-1989,65-69,0.02395,0.11322,2.6,77483,8772,366357,1289624,16.64
Div7,b,1980-1989,70-74,0.03586,0.16505,2.59,68710,11341,316209,923267,13.44
Div7,b,1980-1989,75-79,0.05327,0.23566,2.55,57370,13520,253787,607058,10.58
Div7,b,1980-1989,80-84,0.08386,0.34687,2.51,43850,15210,181368,353271,8.06
Div7,b,1980-1989,85-89,0.12971,0.48555,2.41,28640,13906,107213,171903,6.00
Div7,b,1980-1989,90-94,0.19862,0.64365,2.27,14734,9483,47747,64690,4.39
Div7,b,1980-1989,95-99,0.28949,0.78183,2.06,5250,4105,14180,16943,3.23
Div7,b,1980-1989,100-104,0.40265,0.88317,1.82,1145,1012,2512,2763,2.41
Div7,b,1980-1989,105-109,0.52895,0.94224,1.58,134,126,238,251,1.87
Div7,b,1980-1989,110+,0.63332,1.00000,1.58,8,8,12,12,1.58
Div7,b,1990-1999,0,0.00806,0.00800,0.07,100000,800,99257,7525616,75.26
Div7,b,1990-1999,1-4,0.00046,0.00184,1.61,99200,182,396365,7426359,74.86
Div7,b,1990-1999,5-9,0.00022,0.00112,2.38,99018,111,494799,7029994,71.00
Div7,b,1990-1999,10-14,0.00027,0.00137,2.91,98907,136,494250,6535195,66.07
Div7,b,1990-1999,15-19,0.00093,0.00466,2.84,98771,460,492863,6040946,61.16
Div7,b,1990-1999,20-24,0.00119,0.00592,2.48,98311,582,490090,5548083,56.43
Div7,b,1990-1999,25-29,0.00126,0.00627,2.56,97729,613,487153,5057993,51.76
Div7,b,1990-1999,30-34,0.00155,0.00772,2.58,97116,750,483769,4570840,47.07
Div7,b,1990-1999,35-39,0.00201,0.01002,2.61,96367,965,479524,4087071,42.41
Div7,b,1990-1999,40-44,0.00270,0.01343,2.63,95401,1281,473969,3607547,37.81
Div7,b,1990-1999,45-49,0.00393,0.01946,2.65,94120,1831,466298,3133578,33.29
Div7,b,1990-1999,50-54,0.00595,0.02935,2.67,92288,2708,455119,2667280,28.90
Div7,b,1990-1999,55-59,0.00943,0.04614,2.66,89580,4133,438210,2212161,24.69
Div7,b,1990-1999,60-64,0.01475,0.07126,2.64,85447,6089,412892,1773951,20.76
Div7,b,1990-1999,65-69,0.02187,0.10395,2.62,79358,8249,377143,1361059,17.15
Div7,b,1990-1999,70-74,0.03320,0.15376,2.6,71109,10933,329281,983915,13.84
Div7,b,1990-1999,75-79,0.04935,0.22034,2.57,60175,13259,268702,654635,10.88
Div7,b,1990-1999,80-84,0.07972,0.33288,2.52,46916,15617,195917,385933,8.23
Div7,b,1990-1999,85-89,0.12607,0.47611,2.43,31299,14902,118200,190016,6.07
Div7,b,1990-1999,90-94,0.19768,0.64267,2.28,16397,10538,53308,71816,4.38
Div7,b,1990-1999,95-99,0.29596,0.79042,2.05,5859,4631,15648,18508,3.16
Div7,b,1990-1999,100-104,0.41795,0.89350,1.8,1228,1097,2625,2860,2.33
Div7,b,1990-1999,105-109,0.55274,0.94991,1.55,131,124,225,235,1.79
Div7,b,1990-1999,110+,0.66272,1.00000,1.51,7,7,10,10,1.51
Div7,b,2000-2009,0,0.00719,0.00714,0.07,100000,714,99335,7644938,76.45
Div7,b,2000-2009,1-4,0.00037,0.00148,1.61,99286,147,396791,7545603,76.00
Div7,b,2000-2009,5-9,0.00017,0.00085,2.38,99139,84,495472,7148812,72.11
Div7,b,2000-2009,10-14,0.00021,0.00103,2.82,99054,102,495048,6653340,67.17
Div7,b,2000-2009,15-19,0.00073,0.00362,2.95,98952,359,494025,6158292,62.24
Div7,b,2000-2009,20-24,0.00108,0.00538,2.51,98593,530,491645,5664266,57.45
Div7,b,2000-2009,25-29,0.00113,0.00564,2.53,98063,553,488950,5172621,52.75
Div7,b,2000-2009,30-34,0.00128,0.00638,2.58,97510,622,486043,4683671,48.03
Div7,b,2000-2009,35-39,0.00173,0.00861,2.63,96888,834,482467,4197628,43.32
Div7,b,2000-2009,40-44,0.00262,0.01301,2.67,96054,1250,477354,3715161,38.68
Div7,b,2000-2009,45-49,0.00393,0.01947,2.65,94804,1846,469690,3237807,34.15
Div7,b,2000-2009,50-54,0.00577,0.02847,2.63,92958,2647,458514,2768117,29.78
Div7,b,2000-2009,55-59,0.00844,0.04138,2.65,90311,3737,442763,2309603,25.57
Div7,b,2000-2009,60-64,0.01270,0.06167,2.64,86574,5339,420263,1866840,21.56
Div7,b,2000-2009,65-69,0.01874,0.08971,2.62,81235,7287,388801,1446577,17.81
Div7,b,2000-2009,70-74,0.02874,0.13446,2.61,73948,9943,346002,1057776,14.30
Div7,b,2000-2009,75-79,0.04534,0.20435,2.59,64005,13080,288503,711774,11.12
Div7,b,2000-2009,80-84,0.07512,0.31731,2.55,50926,16159,215112,423272,8.31
Div7,b,2000-2009,85-89,0.12561,0.47600,2.46,34766,16549,131744,208160,5.99
Div7,b,2000-2009,90-94,0.20746,0.66278,2.28,18217,12074,58201,76416,4.19
Div7,b,2000-2009,95-99,0.31751,0.81546,2.02,6143,5010,15778,18215,2.97
Div7,b,2000-2009,100-104,0.45529,0.91464,1.73,1134,1037,2277,2437,2.15
Div7,b,2000-2009,105-109,0.60208,0.96254,1.47,97,93,155,160,1.65
Div7,b,2000-2009,110+,0.71712,1.00000,1.39,4,4,5,5,1.39
Div7,b,2010-2019,0,0.00630,0.00626,0.07,100000,626,99415,7773705,77.74
Div7,b,2010-2019,1-4,0.00030,0.00121,1.6,99374,120,397207,7674290,77.23
Div7,b,2010-2019,5-9,0.00013,0.00067,2.38,99254,66,496094,7277082,73.32
Div7,b,2010-2019,10-14,0.00017,0.00083,2.84,99187,82,495759,6780988,68.37
Div7,b,2010-2019,15-19,0.00055,0.00277,2.99,99105,274,494975,6285230,63.42
Div7,b,2010-2019,20-24,0.00096,0.00477,2.56,98831,471,493004,5790254,58.59
Div7,b,2010-2019,25-29,0.00108,0.00540,2.56,98360,531,490504,5297250,53.86
Div7,b,2010-2019,30-34,0.00131,0.00651,2.59,97828,637,487609,4806747,49.13
Div7,b,2010-2019,35-39,0.00165,0.00820,2.6,97192,797,484047,4319137,44.44
Div7,b,2010-2019,40-44,0.00226,0.01123,2.63,96394,1083,479406,3835090,39.79
Div7,b,2010-2019,45-49,0.00349,0.01729,2.68,95312,1647,472728,3355684,35.21
Div7,b,2010-2019,50-54,0.00552,0.02724,2.67,93664,2551,462369,2882956,30.78
Div7,b,2010-2019,55-59,0.00838,0.04107,2.64,91113,3742,446728,2420587,26.57
Div7,b,2010-2019,60-64,0.01196,0.05813,2.62,87371,5079,424778,1973859,22.59
Div7,b,2010-2019,65-69,0.01685,0.08100,2.62,82293,6666,395579,1549081,18.82
Div7,b,2010-2019,70-74,0.02538,0.11968,2.62,75627,9051,356584,1153502,15.25
Div7,b,2010-2019,75-79,0.03958,0.18078,2.61,66576,12035,304056,796918,11.97
Div7,b,2010-2019,80-84,0.06413,0.27750,2.58,54540,15135,236013,492862,9.04
Div7,b,2010-2019,85-89,0.10943,0.42976,2.5,39405,16935,154751,256849,6.52
Div7,b,2010-2019,90-94,0.18641,0.62210,2.33,22470,13979,74991,102098,4.54
Div7,b,2010-2019,95-99,0.29071,0.78628,2.08,8492,6677,22967,27107,3.19
Div7,b,2010-2019,100-104,0.42683,0.90014,1.79,1815,1634,3827,4139,2.28
Div7,b,2010-2019,105-109,0.57633,0.95687,1.51,181,173,301,312,1.72
Div7,b,2010-2019,110+,0.69584,1.00000,1.44,8,8,11,11,1.44
