PopName,Sex,Year,Age,mx,qx,ax,lx,dx,Lx,Tx,ex
USA,f,1960-1969,0,0.02118,0.02079,0.11,100000,2079,98154,7386321,73.86
USA,f,1960-1969,1-4,0.00088,0.00352,1.58,97921,345,390851,7288166,74.43
USA,f,1960-1969,5-9,0.00038,0.00188,2.26,97576,183,487379,6897315,70.69
USA,f,1960-1969,10-14,0.00031,0.00153,2.62,97393,149,486610,6409937,65.82
USA,f,1960-1969,15-19,0.00056,0.00282,2.72,97244,274,485594,5923326,60.91
USA,f,1960-1969,20-24,0.00072,0.00358,2.55,96969,347,483997,5437732,56.08
USA,f,1960-1969,25-29,0.00087,0.00435,2.59,96622,420,482099,4953736,51.27
USA,f,1960-1969,30-34,0.00123,0.00613,2.65,96202,589,479626,4471636,46.48
USA,f,1960-1969,35-39,0.00184,0.00915,2.67,95613,875,476020,3992010,41.75
USA,f,1960-1969,40-44,0.00279,0.01386,2.66,94738,1313,470618,3515990,37.11
USA,f,1960-1969,45-49,0.00422,0.02088,2.66,93425,1951,462553,3045371,32.60
USA,f,1960-1969,50-54,0.00632,0.03114,2.64,91474,2849,450644,2582818,28.24
USA,f,1960-1969,55-59,0.00916,0.04484,2.64,88626,3974,433750,2132174,24.06
USA,f,1960-1969,60-64,0.01388,0.06721,2.64,84652,5689,409821,1698424,20.06
USA,f,1960-1969,65-69,0.02176,0.10347,2.62,78963,8170,375398,1288603,16.32
USA,f,1960-1969,70-74,0.03499,0.16155,2.63,70793,11436,326846,913205,12.90
USA,f,1960-1969,75-79,0.05700,0.25039,2.57,59356,14862,260731,586359,9.88
USA,f,1960-1969,80-84,0.09467,0.38335,2.52,44494,17057,180171,325629,7.32
USA,f,1960-1969,85-89,0.15401,0.54783,2.37,27437,15031,97596,145458,5.30
USA,f,1960-1969,90-94,0.23321,0.70347,2.18,12406,8728,37423,47862,3.86
USA,f,1960-1969,95-99,0.33567,0.83108,1.96,3679,3058,9109,10439,2.84
USA,f,1960-1969,100-104,0.45832,0.91443,1.71,621,568,1240,1330,2.14
USA,f,1960-1969,105-109,0.58683,0.95821,1.49,53,51,87,90,1.69
USA,f,1960-1969,110+,0.68843,1.00000,1.45,2,2,3,3,1.45
USA,f,1970-1979,0,0.01476,0.01456,0.09,100000,1456,98681,7611662,76.12
USA,f,1970-1979,1-4,0.00066,0.00262,1.62,98544,258,393563,7512981,76.24
USA,f,1970-1979,5-9,0.00031,0.00153,2.29,98286,150,491023,7119418,72.44
USA,f,1970-1979,10-14,0.00027,0.00135,2.67,98136,132,490371,6628395,67.54
USA,f,1970-1979,15-19,0.00057,0.00284,2.72,98003,279,489383,6138024,62.63
USA,f,1970-1979,20-24,0.00068,0.00339,2.51,97725,331,487800,5648641,57.80
USA,f,1970-1979,25-29,0.00076,0.00378,2.58,97394,369,486078,5160841,52.99
USA,f,1970-1979,30-34,0.00100,0.00497,2.65,97025,482,483993,4674764,48.18
USA,f,1970-1979,35-39,0.00153,0.00760,2.67,96543,734,481005,4190771,43.41
USA,f,1970-1979,40-44,0.00243,0.01211,2.68,95809,1160,476354,3709766,38.72
USA,f,1970-1979,45-49,0.00376,0.01865,2.66,94649,1765,469108,3233412,34.16
USA,f,1970-1979,50-54,0.00557,0.02750,2.64,92884,2554,458393,2764304,29.76
USA,f,1970-1979,55-59,0.00822,0.04033,2.64,90330,3643,443064,2305912,25.53
USA,f,1970-1979,60-64,0.01228,0.05969,2.63,86687,5174,421196,1862848,21.49
USA,f,1970-1979,65-69,0.01830,0.08768,2.63,81513,7147,390608,1441652,17.69
USA,f,1970-1979,70-74,0.02906,0.13593,2.63,74366,10109,347878,1051043,14.13
USA,f,1970-1979,75-79,0.04750,0.21322,2.6,64258,13701,288440,703165,10.94
USA,f,1970-1979,80-84,0.07878,0.33023,2.55,50557,16695,211909,414725,8.20
USA,f,1970-1979,85-89,0.12891,0.48394,2.43,33861,16387,127119,202816,5.99
USA,f,1970-1979,90-94,0.20148,0.64927,2.26,17474,11346,56311,75696,4.33
USA,f,1970-1979,95-99,0.29593,0.78999,2.05,6129,4842,16361,19385,3.16
USA,f,1970-1979,100-104,0.41422,0.89076,1.8,1287,1147,2768,3024,2.35
USA,f,1970-1979,105-109,0.54358,0.94688,1.56,141,133,245,256,1.82
USA,f,1970-1979,110+,0.64871,1.00000,1.54,7,7,12,12,1.54
USA,f,1980-1989,0,0.00985,0.00976,0.08,100000,976,99103,7813176,78.13
USA,f,1980-1989,1-4,0.00048,0.00192,1.58,99024,190,395636,7714073,77.90
USA,f,1980-1989,5-9,0.00022,0.00108,2.35,98834,107,493886,7318438,74.05
USA,f,1980-1989,10-14,0.00021,0.00104,2.72,98727,103,493399,6824552,69.13
USA,f,1980-1989,15-19,0.00048,0.00239,2.71,98624,235,492581,6331153,64.19
USA,f,1980-1989,20-24,0.00056,0.00278,2.54,98389,274,491269,5838572,59.34
USA,f,1980-1989,25-29,0.00064,0.00320,2.57,98115,314,489810,5347303,54.50
USA,f,1980-1989,30-34,0.00082,0.00408,2.62,97801,399,488055,4857493,49.67
USA,f,1980-1989,35-39,0.00115,0.00574,2.65,97402,559,485695,4369438,44.86
USA,f,1980-1989,40-44,0.00179,0.00891,2.68,96842,863,482211,3883743,40.10
USA,f,1980-1989,45-49,0.00291,0.01445,2.69,95980,1387,476693,3401532,35.44
USA,f,1980-1989,50-54,0.00469,0.02318,2.67,94593,2192,467847,2924839,30.92
USA,f,1980-1989,55-59,0.00725,0.03564,2.66,92400,3293,454300,2456992,26.59
USA,f,1980-1989,60-64,0.01121,0.05459,2.64,89107,4864,434059,2002691,22.48
USA,f,1980-1989,65-69,0.01675,0.08053,2.62,84243,6784,405104,1568632,18.62
USA,f,1980-1989,70-74,0.02594,0.12219,2.63,77459,9465,364835,1163529,15.02
USA,f,1980-1989,75-79,0.04060,0.18501,2.6,67994,12579,309807,798694,11.75
USA,f,1980-1989,80-84,0.06884,0.29489,2.57,55415,16341,237371,488886,8.82
USA,f,1980-1989,85-89,0.11460,0.44411,2.47,39073,17353,151423,251515,6.44
USA,f,1980-1989,90-94,0.18478,0.61722,2.31,21720,13406,72553,100092,4.61
USA,f,1980-1989,95-99,0.27961,0.77102,2.09,8314,6410,22926,27539,3.31
USA,f,1980-1989,100-104,0.40018,0.88248,1.83,1904,1680,4198,4613,2.42
USA,f,1980-1989,105-109,0.53437,0.94443,1.58,224,211,395,415,1.85
USA,f,1980-1989,110+,0.64421,1.00000,1.55,12,12,19,19,1.55
USA,f,1990-1999,0,0.00741,0.00736,0.07,100000,736,99318,7914232,79.14
USA,f,1990-1999,1-4,0.00037,0.00146,1.59,99264,145,396706,7814914,78.73
USA,f,1990-1999,5-9,0.00017,0.00084,2.37,99119,83,495377,7418207,74.84
USA,f,1990-1999,10-14,0.00018,0.00091,2.78,99036,90,494979,6922830,69.90
USA,f,1990-1999,15-19,0.00044,0.00219,2.67,98945,216,494223,6427852,64.96
USA,f,1990-1999,20-24,0.00049,0.00246,2.54,98729,243,493048,5933628,60.10
USA,f,1990-1999,25-29,0.00060,0.00299,2.6,98486,295,491725,5440581,55.24
USA,f,1990-1999,30-34,0.00083,0.00412,2.64,98192,405,490004,4948856,50.40
USA,f,1990-1999,35-39,0.00118,0.00590,2.64,97787,577,487577,4458852,45.60
USA,f,1990-1999,40-44,0.00170,0.00845,2.65,97211,822,484121,3971275,40.85
USA,f,1990-1999,45-49,0.00257,0.01276,2.67,96389,1230,479082,3487154,36.18
USA,f,1990-1999,50-54,0.00406,0.02009,2.68,95159,1912,471354,3008073,31.61
USA,f,1990-1999,55-59,0.00650,0.03200,2.67,93247,2984,459293,2536718,27.20
USA,f,1990-1999,60-64,0.01027,0.05014,2.65,90263,4525,440687,2077425,23.02
USA,f,1990-1999,65-69,0.01562,0.07531,2.64,85738,6457,413431,1636738,19.09
USA,f,1990-1999,70-74,0.02424,0.11463,2.63,79281,9088,374843,1223307,15.43
USA,f,1990-1999,75-79,0.03774,0.17312,2.61,70193,12152,321956,848464,12.09
USA,f,1990-1999,80-84,0.06455,0.27915,2.58,58041,16202,250986,526508,9.07
USA,f,1990-1999,85-89,0.10887,0.42762,2.49,41839,17891,164329,275522,6.59
USA,f,1990-1999,90-94,0.18166,0.61182,2.33,23948,14652,80657,111193,4.64
USA,f,1990-1999,95-99,0.28165,0.77443,2.09,9296,7199,25560,30536,3.28
USA,f,1990-1999,100-104,0.40916,0.88892,1.82,2097,1864,4556,4975,2.37
USA,f,1990-1999,105-109,0.55051,0.94965,1.55,233,221,402,419,1.80
USA,f,1990-1999,110+,0.66518,1.00000,1.5,12,12,18,18,1.50
USA,f,2000-2009,0,0.00627,0.00624,0.07,100000,624,99420,8009490,80.09
USA,f,2000-2009,1-4,0.00027,0.00108,1.58,99376,107,397247,7910069,79.60
USA,f,2000-2009,5-9,0.00013,0.00064,2.41,99269,64,496181,7512823,75.68
USA,f,2000-2009,10-14,0.00014,0.00072,2.74,99206,71,495867,7016641,70.73
USA,f,2000-2009,15-19,0.00036,0.00182,2.78,99135,181,495271,6520774,65.78
USA,f,2000-2009,20-24,0.00047,0.00237,2.54,98954,234,494193,6025503,60.89
USA,f,2000-2009,25-29,0.00056,0.00278,2.6,98719,274,492939,5531310,56.03
USA,f,2000-2009,30-34,0.00073,0.00367,2.64,98445,361,491374,5038371,51.18
USA,f,2000-2009,35-39,0.00110,0.00550,2.68,98084,539,489170,4546997,46.36
USA,f,2000-2009,40-44,0.00173,0.00863,2.67,97545,842,485768,4057827,41.60
USA,f,2000-2009,45-49,0.00261,0.01299,2.65,96703,1256,480563,3572059,36.94
USA,f,2000-2009,50-54,0.00379,0.01880,2.64,95447,1794,472999,3091497,32.39
USA,f,2000-2009,55-59,0.00563,0.02777,2.66,93653,2601,462189,2618498,27.96
USA,f,2000-2009,60-64,0.00883,0.04327,2.66,91052,3940,446052,2156308,23.68
USA,f,2000-2009,65-69,0.01365,0.06612,2.65,87112,5760,421997,1710257,19.63
USA,f,2000-2009,70-74,0.02158,0.10266,2.64,81352,8351,387070,1288260,15.84
USA,f,2000-2009,75-79,0.03486,0.16099,2.63,73001,11753,337103,901190,12.34
USA,f,2000-2009,80-84,0.06056,0.26441,2.6,61248,16194,267416,564087,9.21
USA,f,2000-2009,85-89,0.10673,0.42180,2.52,45054,19004,178051,296671,6.58
USA,f,2000-2009,90-94,0.18463,0.61896,2.34,26050,16124,87332,118620,4.55
USA,f,2000-2009,95-99,0.29481,0.79156,2.08,9926,7857,26652,31288,3.15
USA,f,2000-2009,100-104,0.43508,0.90495,1.77,2069,1872,4304,4636,2.24
USA,f,2000-2009,105-109,0.58733,0.95956,1.49,197,189,321,333,1.69
USA,f,2000-2009,110+,0.70746,1.00000,1.41,8,8,11,11,1.41
USA,f,2010-2019,0,0.00532,0.00530,0.07,100000,530,99506,8132872,81.33
USA,f,2010-2019,1-4,0.00022,0.00089,1.59,99470,88,397668,8033366,80.76
USA,f,2010-2019,5-9,0.00010,0.00052,2.4,99382,52,496776,7635698,76.83
USA,f,2010-2019,10-14,0.00012,0.00060,2.76,99330,60,496518,7138922,71.87
USA,f,2010-2019,15-19,0.00028,0.00141,2.84,99271,140,496052,6642404,66.91
USA,f,2010-2019,20-24,0.00047,0.00232,2.61,99131,230,495105,6146353,62.00
USA,f,2010-2019,25-29,0.00062,0.00308,2.61,98901,304,493777,5651248,57.14
USA,f,2010-2019,30-34,0.00083,0.00415,2.61,98596,409,492006,5157471,52.31
USA,f,2010-2019,35-39,0.00112,0.00558,2.62,98188,548,489633,4665465,47.52
USA,f,2010-2019,40-44,0.00158,0.00789,2.65,97639,770,486391,4175832,42.77
USA,f,2010-2019,45-49,0.00244,0.01212,2.67,96869,1174,481613,3689441,38.09
USA,f,2010-2019,50-54,0.00376,0.01861,2.65,95695,1781,474293,3207828,33.52
USA,f,2010-2019,55-59,0.00549,0.02710,2.63,93914,2545,463536,2733535,29.11
USA,f,2010-2019,60-64,0.00788,0.03869,2.64,91369,3535,448491,2269999,24.84
USA,f,2010-2019,65-69,0.01169,0.05691,2.65,87833,4998,427424,1821508,20.74
USA,f,2010-2019,70-74,0.01852,0.08874,2.65,82835,7351,396902,1394083,16.83
USA,f,2010-2019,75-79,0.03029,0.14134,2.64,75484,10669,352260,997182,13.21
USA,f,2010-2019,80-84,0.05155,0.22960,2.62,64815,14881,288689,644922,9.95
USA,f,2010-2019,85-89,0.09245,0.37709,2.56,49934,18830,203673,356233,7.13
USA,f,2010-2019,90-94,0.16582,0.57835,2.39,31104,17989,108489,152560,4.90
USA,f,2010-2019,95-99,0.27236,0.76453,2.13,13115,10027,36814,44071,3.36
USA,f,2010-2019,100-104,0.41273,0.89272,1.82,3088,2757,6680,7257,2.35
USA,f,2010-2019,105-109,0.56941,0.95556,1.52,331,317,556,577,1.74
USA,f,2010-2019,110+,0.69494,1.00000,1.44,15,15,21,21,1.44
