PopName,Sex,Year,Age,mx,qx,ax,lx,dx,Lx,Tx,ex
Div4,b,1960-1969,0,0.02174,0.02132,0.11,100000,2132,98099,7164054,71.64
Div4,b,1960-1969,1-4,0.00088,0.00350,1.62,97868,342,390658,7065954,72.20
Div4,b,1960-1969,5-9,0.00042,0.00211,2.35,97525,206,487080,6675297,68.45
Div4,b,1960-1969,10-14,0.00042,0.00210,2.7,97319,205,486125,6188217,63.59
Div4,b,1960-1969,15-19,0.00107,0.00533,2.81,97114,518,484439,5702092,58.72
Div4,b,1960-1969,20-24,0.00129,0.00644,2.46,96596,622,481399,5217653,54.01
Div4,b,1960-1969,25-29,0.00121,0.00603,2.51,95974,578,478429,4736254,49.35
Div4,b,1960-1969,30-34,0.00142,0.00705,2.6,95396,673,475366,4257825,44.63
Div4,b,1960-1969,35-39,0.00201,0.01003,2.67,94723,950,471399,3782459,39.93
Div4,b,1960-1969,40-44,0.00308,0.01531,2.69,93773,1435,465547,3311060,35.31
Div4,b,1960-1969,45-49,0.00487,0.02408,2.66,92338,2223,456496,2845512,30.82
Div4,b,1960-1969,50-54,0.00783,0.03842,2.66,90115,3462,442468,2389016,26.51
Div4,b,1960-1969,55-59,0.01190,0.05790,2.65,86652,5017,421458,1946548,22.46
Div4,b,1960-1969,60-64,0.01798,0.08624,2.63,81635,7041,391483,1525090,18.68
Div4,b,1960-1969,65-69,0.02707,0.12710,2.6,74595,9481,350242,1133607,15.20
Div4,b,1960-1969,70-74,0.04166,0.18936,2.6,65114,12330,295979,783365,12.03
Div4,b,1960-1969,75-79,0.06542,0.28190,2.55,52784,14880,227442,487386,9.23
Div4,b,1960-1969,80-84,0.10513,0.41594,2.49,37904,15766,149972,259944,6.86
Div4,b,1960-1969,85-89,0.16743,0.57881,2.33,22138,12814,76532,109972,4.97
Div4,b,1960-1969,90-94,0.25411,0.73584,2.14,9324,6861,27002,33440,3.59
Div4,b,1960-1969,95-99,0.36796,0.85907,1.9,2463,2116,5751,6438,2.61
Div4,b,1960-1969,100-104,0.49740,0.93149,1.64,347,323,650,688,1.98
Div4,b,1960-1969,105-109,0.62856,0.96708,1.42,24,23,37,38,1.58
Div4,b,1960-1969,110+,0.72934,1.00000,1.37,1,1,1,1,1.37
Div4,b,1970-1979,0,0.01549,0.01527,0.09,100000,1527,98612,7345012,73.45
Div4,b,1970-1979,1-4,0.00070,0.00278,1.67,98473,273,393253,7246400,73.59
Div4,b,1970-1979,5-9,0.00036,0.00181,2.36,98199,178,490525,6853147,69.79
Div4,b,1970-1979,10-14,0.00037,0.00186,2.78,98021,182,489700,6362623,64.91
Div4,b,1970-1979,15-19,0.00108,0.00539,2.82,97839,527,488046,5872923,60.03
Div4,b,1970-1979,20-24,0.00129,0.00640,2.45,97311,623,484966,5384877,55.34
Div4,b,1970-1979,25-29,0.00113,0.00563,2.49,96688,544,482074,4899911,50.68
Div4,b,1970-1979,30-34,0.00127,0.00632,2.58,96144,608,479250,4417837,45.95
Div4,b,1970-1979,35-39,0.00177,0.00882,2.65,95536,843,475698,3938587,41.23
Div4,b,1970-1979,40-44,0.00277,0.01375,2.69,94693,1302,470464,3462889,36.57
Div4,b,1970-1979,45-49,0.00442,0.02190,2.68,93391,2045,462204,2992425,32.04
Div4,b,1970-1979,50-54,0.00684,0.03368,2.67,91346,3077,449554,2530221,27.70
Div4,b,1970-1979,55-59,0.01066,0.05201,2.66,88269,4591,430595,2080667,23.57
Div4,b,1970-1979,60-64,0.01652,0.07949,2.64,83678,6651,402719,1650072,19.72
Div4,b,1970-1979,65-69,0.02476,0.11688,2.61,77027,9003,363585,1247353,16.19
Div4,b,1970-1979,70-74,0.03694,0.16966,2.6,68024,11541,312393,883768,12.99
Div4,b,1970-1979,75-79,0.05748,0.25209,2.56,56483,14239,247716,571375,10.12
Div4,b,1970-1979,80-84,0.08953,0.36596,2.51,42244,15459,172672,323659,7.66
Div4,b,1970-1979,85-89,0.14116,0.51597,2.39,26784,13820,97904,150986,5.64
Div4,b,1970-1979,90-94,0.21612,0.67570,2.23,12964,8760,40534,53082,4.09
Div4,b,1970-1979,95-99,0.31659,0.81248,2,4204,3416,10790,12548,2.98
Div4,b,1970-1979,100-104,0.43822,0.90452,1.75,788,713,1627,1759,2.23
Div4,b,1970-1979,105-109,0.56949,0.95416,1.52,75,72,126,131,1.74
Div4,b,1970-1979,110+,0.67525,1.00000,1.48,3,3,5,5,1.48
Div4,b,1980-1989,0,0.00988,0.00979,0.08,100000,979,99095,7591114,75.91
Div4,b,1980-1989,1-4,0.00051,0.00205,1.61,99021,203,395599,7492019,75.66
Div4,b,1980-1989,5-9,0.00024,0.00119,2.35,98818,118,493780,7096420,71.81
Div4,b,1980-1989,10-14,0.00027,0.00135,2.83,98701,133,493214,6602640,66.90
Div4,b,1980-1989,15-19,0.00085,0.00425,2.84,98568,419,491936,6109425,61.98
Div4,b,1980-1989,20-24,0.00101,0.00505,2.46,98149,495,489487,5617490,57.23
Div4,b,1980-1989,25-29,0.00097,0.00483,2.53,97654,472,487103,5128003,52.51
Div4,b,1980-1989,30-34,0.00104,0.00517,2.54,97182,502,484677,4640900,47.75
Div4,b,1980-1989,35-39,0.00137,0.00684,2.63,96680,662,481834,4156224,42.99
Div4,b,1980-1989,40-44,0.00205,0.01022,2.68,96018,982,477810,3674390,38.27
Div4,b,1980-1989,45-49,0.00338,0.01676,2.7,95037,1593,471521,3196580,33.64
Div4,b,1980-1989,50-54,0.00563,0.02780,2.68,93444,2597,461180,2725059,29.16
Div4,b,1980-1989,55-59,0.00908,0.04448,2.67,90846,4041,444811,2263879,24.92
Div4,b,1980-1989,60-64,0.01412,0.06832,2.65,86806,5931,420107,1819069,20.96
Div4,b,1980-1989,65-69,0.02147,0.10212,2.62,80875,8259,384748,1398962,17.30
Div4,b,1980-1989,70-74,0.03279,0.15201,2.61,72616,11038,336674,1014213,13.97
Div4,b,1980-1989,75-79,0.04920,0.21974,2.57,61578,13531,275047,677539,11.00
Div4,b,1980-1989,80-84,0.07720,0.32404,2.52,48046,15569,201664,402492,8.38
Div4,b,1980-1989,85-89,0.12271,0.46680,2.44,32478,15161,123549,200828,6.18
Div4,b,1980-1989,90-94,0.19298,0.63366,2.29,17317,10973,56862,77279,4.46
Div4,b,1980-1989,95-99,0.28944,0.78284,2.07,6344,4966,17158,20416,3.22
Div4,b,1980-1989,100-104,0.41090,0.88931,1.81,1378,1225,2982,3258,2.37
Div4,b,1980-1989,105-109,0.54636,0.94815,1.56,152,145,265,277,1.81
Div4,b,1980-1989,110+,0.65750,1.00000,1.52,8,8,12,12,1.52
Div4,b,1990-1999,0,0.00782,0.00777,0.07,100000,777,99278,7705102,77.05
Div4,b,1990-1999,1-4,0.00039,0.00154,1.65,99223,153,396533,7605824,76.65
Div4,b,1990-1999,5-9,0.00019,0.00096,2.32,99070,95,495094,7209291,72.77
Div4,b,1990-1999,10-14,0.00024,0.00120,2.84,98975,119,494618,6714196,67.84
Div4,b,1990-1999,15-19,0.00081,0.00402,2.79,98856,397,493403,6219579,62.92
Div4,b,1990-1999,20-24,0.00093,0.00464,2.48,98459,457,491141,5726176,58.16
Div4,b,1990-1999,25-29,0.00092,0.00458,2.53,98002,448,488903,5235035,53.42
Div4,b,1990-1999,30-34,0.00113,0.00562,2.58,97553,548,486442,4746133,48.65
Div4,b,1990-1999,35-39,0.00144,0.00717,2.61,97005,696,483363,4259691,43.91
Div4,b,1990-1999,40-44,0.00198,0.00987,2.66,96310,950,479320,3776328,39.21
Div4,b,1990-1999,45-49,0.00300,0.01491,2.67,95359,1422,473486,3297007,34.57
Div4,b,1990-1999,50-54,0.00481,0.02379,2.68,93938,2235,464506,2823522,30.06
Div4,b,1990-1999,55-59,0.00782,0.03841,2.67,91703,3522,450322,2359015,25.72
Div4,b,1990-1999,60-64,0.01258,0.06109,2.66,88181,5387,428275,1908694,21.65
Div4,b,1990-1999,65-69,0.01938,0.09266,2.64,82793,7672,395851,1480419,17.88
Div4,b,1990-1999,70-74,0.02977,0.13897,2.61,75122,10440,350629,1084568,14.44
Div4,b,1990-1999,75-79,0.04495,0.20281,2.59,64682,13118,291827,733939,11.35
Div4,b,1990-1999,80-84,0.07325,0.31048,2.55,51564,16010,218552,442112,8.57
Div4,b,1990-1999,85-89,0.11821,0.45426,2.45,35554,16151,136628,223559,6.29
Div4,b,1990-1999,90-94,0.19079,0.63044,2.31,19403,12233,64117,86932,4.48
Div4,b,1990-1999,95-99,0.29265,0.78752,2.07,7171,5647,19296,22814,3.18
Div4,b,1990-1999,100-104,0.42148,0.89636,1.79,1524,1366,3240,3518,2.31
Div4,b,1990-1999,105-109,0.56414,0.95346,1.53,158,151,267,278,1.76
Div4,b,1990-1999,110+,0.67981,1.00000,1.47,7,7,11,11,1.47
Div4,b,2000-2009,0,0.00653,0.00649,0.07,100000,649,99394,7829124,78.29
Div4,b,2000-2009,1-4,0.00031,0.00122,1.6,99351,121,397112,7729730,77.80
Div4,b,2000-2009,5-9,0.00015,0.00074,2.37,99229,74,495953,7332619,73.90
Div4,b,2000-2009,10-14,0.00019,0.00093,2.84,99156,92,495578,6836666,68.95
Div4,b,2000-2009,15-19,0.00064,0.00321,2.84,99063,318,494627,6341088,64.01
Div4,b,2000-2009,20-24,0.00086,0.00431,2.52,98745,426,492670,5846461,59.21
Div4,b,2000-2009,25-29,0.00088,0.00440,2.53,98319,433,490529,5353791,54.45
Div4,b,2000-2009,30-34,0.00100,0.00497,2.61,97886,486,488269,4863262,49.68
Div4,b,2000-2009,35-39,0.00135,0.00675,2.64,97400,657,485446,4374993,44.92
Div4,b,2000-2009,40-44,0.00204,0.01013,2.66,96743,980,481421,3889548,40.21
Div4,b,2000-2009,45-49,0.00307,0.01525,2.65,95763,1461,475380,3408127,35.59
Div4,b,2000-2009,50-54,0.00453,0.02241,2.64,94302,2114,466530,2932746,31.10
Div4,b,2000-2009,55-59,0.00674,0.03317,2.66,92189,3057,453777,2466216,26.75
Div4,b,2000-2009,60-64,0.01065,0.05195,2.66,89131,4631,434841,2012439,22.58
Div4,b,2000-2009,65-69,0.01642,0.07904,2.64,84500,6678,406749,1577598,18.67
Div4,b,2000-2009,70-74,0.02571,0.12116,2.63,77822,9429,366761,1170849,15.05
Div4,b,2000-2009,75-79,0.04044,0.18435,2.6,68393,12608,311755,804088,11.76
Div4,b,2000-2009,80-84,0.06689,0.28777,2.57,55785,16053,239992,492333,8.83
Div4,b,2000-2009,85-89,0.11399,0.44302,2.49,39732,17602,154421,252341,6.35
Div4,b,2000-2009,90-94,0.19266,0.63542,2.32,22130,14062,72987,97920,4.42
Div4,b,2000-2009,95-99,0.30187,0.79947,2.06,8068,6450,21368,24933,3.09
Div4,b,2000-2009,100-104,0.44304,0.90916,1.76,1618,1471,3320,3565,2.20
Div4,b,2000-2009,105-109,0.59615,0.96159,1.48,147,141,237,245,1.67
Div4,b,2000-2009,110+,0.71677,1.00000,1.4,6,6,8,8,1.40
Div4,b,2010-2019,0,0.00568,0.00565,0.06,100000,565,99472,7905157,79.05
Div4,b,2010-2019,1-4,0.00026,0.00102,1.6,99435,102,397497,7805686,78.50
Div4,b,2010-2019,5-9,0.00013,0.00063,2.43,99333,63,496506,7408189,74.58
Div4,b,2010-2019,10-14,0.00016,0.00081,2.83,99271,80,496179,6911683,69.62
Div4,b,2010-2019,15-19,0.00053,0.00264,2.88,99191,262,495398,6415504,64.68
Div4,b,2010-2019,20-24,0.00086,0.00428,2.63,98929,423,493639,5920106,59.84
Div4,b,2010-2019,25-29,0.00102,0.00508,2.55,98505,500,491302,5426467,55.09
Div4,b,2010-2019,30-34,0.00118,0.00590,2.55,98005,578,488610,4935165,50.36
Div4,b,2010-2019,35-39,0.00150,0.00749,2.6,97427,729,485384,4446555,45.64
Div4,b,2010-2019,40-44,0.00200,0.00994,2.63,96698,962,481207,3961171,40.96
Div4,b,2010-2019,45-49,0.00302,0.01498,2.68,95736,1434,475357,3479964,36.35
Div4,b,2010-2019,50-54,0.00466,0.02305,2.66,94302,2173,466416,3004608,31.86
Div4,b,2010-2019,55-59,0.00689,0.03391,2.64,92129,3124,453264,2538191,27.55
Div4,b,2010-2019,60-64,0.00999,0.04878,2.63,89005,4341,434752,2084927,23.42
Div4,b,2010-2019,65-69,0.01469,0.07098,2.64,84664,6010,409140,1650176,19.49
Div4,b,2010-2019,70-74,0.02295,0.10885,2.64,78654,8562,373035,1241036,15.78
Div4,b,2010-2019,75-79,0.03663,0.16845,2.62,70092,11807,322306,868001,12.38
Div4,b,2010-2019,80-84,0.05918,0.25899,2.59,58286,15095,255075,545695,9.36
Div4,b,2010-2019,85-89,0.10265,0.40926,2.52,43190,17676,172194,290620,6.73
Div4,b,2010-2019,90-94,0.18029,0.61007,2.35,25514,15565,86336,118426,4.64
Div4,b,2010-2019,95-99,0.28642,0.78199,2.1,9949,7780,27162,32091,3.23
Div4,b,2010-2019,100-104,0.42828,0.90163,1.79,2169,1956,4566,4928,2.27
Div4,b,2010-2019,105-109,0.58457,0.95918,1.5,213,205,350,362,1.70
Div4,b,2010-2019,110+,0.70876,1.00000,1.41,9,9,12,12,1.41
