PopName,Sex,Year,Age,mx,qx,ax,lx,dx,Lx,Tx,ex
Reg4,m,1960-1969,0,0.02586,0.02528,0.11,100000,2528,97761,6764322,67.64
Reg4,m,1960-1969,1-4,0.00108,0.00432,1.62,97472,421,388885,6666562,68.39
Reg4,m,1960-1969,5-9,0.00050,0.00248,2.33,97051,241,484609,6277676,64.68
Reg4,m,1960-1969,10-14,0.00050,0.00248,2.77,96810,240,483512,5793067,59.84
Reg4,m,1960-1969,15-19,0.00142,0.00710,2.86,96570,685,481379,5309556,54.98
Reg4,m,1960-1969,20-24,0.00196,0.00977,2.47,95884,937,477051,4828177,50.35
Reg4,m,1960-1969,25-29,0.00184,0.00918,2.51,94948,872,472565,4351125,45.83
Reg4,m,1960-1969,30-34,0.00205,0.01022,2.59,94076,962,468062,3878560,41.23
Reg4,m,1960-1969,35-39,0.00280,0.01392,2.66,93115,1296,462538,3410498,36.63
Reg4,m,1960-1969,40-44,0.00435,0.02153,2.69,91819,1977,454524,2947959,32.11
Reg4,m,1960-1969,45-49,0.00690,0.03397,2.68,89842,3052,442130,2493436,27.75
Reg4,m,1960-1969,50-54,0.01118,0.05449,2.66,86790,4729,422896,2051306,23.64
Reg4,m,1960-1969,55-59,0.01739,0.08353,2.64,82060,6854,394100,1628409,19.84
Reg4,m,1960-1969,60-64,0.02620,0.12327,2.61,75206,9271,353878,1234309,16.41
Reg4,m,1960-1969,65-69,0.03872,0.17689,2.56,65935,11664,301247,880431,13.35
Reg4,m,1960-1969,70-74,0.05624,0.24704,2.54,54272,13407,238394,579184,10.67
Reg4,m,1960-1969,75-79,0.08108,0.33664,2.48,40864,13757,169673,340790,8.34
Reg4,m,1960-1969,80-84,0.12206,0.46452,2.43,27108,12592,103164,171117,6.31
Reg4,m,1960-1969,85-89,0.18403,0.61372,2.29,14516,8909,48407,67953,4.68
Reg4,m,1960-1969,90-94,0.26582,0.75017,2.1,5607,4206,15823,19545,3.49
Reg4,m,1960-1969,95-99,0.36259,0.85293,1.9,1401,1195,3295,3722,2.66
Reg4,m,1960-1969,100-104,0.47514,0.92100,1.68,206,190,399,427,2.07
Reg4,m,1960-1969,105-109,0.59078,0.95847,1.48,16,16,26,27,1.68
Reg4,m,1960-1969,110+,0.68211,1.00000,1.47,1,1,1,1,1.47
Reg4,m,1970-1979,0,0.01675,0.01650,0.09,100000,1650,98498,6962394,69.62
Reg4,m,1970-1979,1-4,0.00087,0.00349,1.68,98350,343,392603,6863895,69.79
Reg4,m,1970-1979,5-9,0.00043,0.00213,2.32,98007,209,489473,6471292,66.03
Reg4,m,1970-1979,10-14,0.00045,0.00225,2.78,97798,220,488501,5981819,61.17
Reg4,m,1970-1979,15-19,0.00158,0.00788,2.92,97578,769,486293,5493317,56.30
Reg4,m,1970-1979,20-24,0.00218,0.01083,2.47,96809,1049,481396,5007025,51.72
Reg4,m,1970-1979,25-29,0.00200,0.00993,2.48,95760,951,476403,4525628,47.26
Reg4,m,1970-1979,30-34,0.00199,0.00991,2.54,94810,939,471736,4049226,42.71
Reg4,m,1970-1979,35-39,0.00256,0.01274,2.62,93870,1196,466510,3577490,38.11
Reg4,m,1970-1979,40-44,0.00377,0.01868,2.66,92674,1731,459325,3110979,33.57
Reg4,m,1970-1979,45-49,0.00596,0.02941,2.67,90943,2674,448493,2651654,29.16
Reg4,m,1970-1979,50-54,0.00932,0.04559,2.66,88269,4024,431907,2203162,24.96
Reg4,m,1970-1979,55-59,0.01452,0.07020,2.64,84244,5914,407271,1771255,21.03
Reg4,m,1970-1979,60-64,0.02264,0.10744,2.63,78330,8416,371671,1363984,17.41
Reg4,m,1970-1979,65-69,0.03354,0.15516,2.59,69914,10848,323439,992313,14.19
Reg4,m,1970-1979,70-74,0.05001,0.22284,2.56,59066,13162,263193,668874,11.32
Reg4,m,1970-1979,75-79,0.07545,0.31743,2.5,45903,14571,193128,405681,8.84
Reg4,m,1970-1979,80-84,0.11058,0.43110,2.45,31332,13507,122152,212554,6.78
Reg4,m,1970-1979,85-89,0.16574,0.57398,2.32,17825,10231,61728,90401,5.07
Reg4,m,1970-1979,90-94,0.24184,0.71720,2.16,7594,5446,22520,28673,3.78
Reg4,m,1970-1979,95-99,0.33329,0.82714,1.96,2148,1776,5330,6153,2.87
Reg4,m,1970-1979,100-104,0.44160,0.90473,1.74,371,336,761,824,2.22
Reg4,m,1970-1979,105-109,0.55608,0.94952,1.53,35,34,60,63,1.79
Reg4,m,1970-1979,110+,0.64821,1.00000,1.54,2,2,3,3,1.54
Reg4,m,1980-1989,0,0.01106,0.01095,0.07,100000,1095,98987,7206270,72.06
Reg4,m,1980-1989,1-4,0.00062,0.00249,1.62,98905,246,395036,7107283,71.86
Reg4,m,1980-1989,5-9,0.00031,0.00152,2.41,98659,150,492907,6712247,68.03
Reg4,m,1980-1989,10-14,0.00036,0.00178,2.84,98509,175,492166,6219340,63.13
Reg4,m,1980-1989,15-19,0.00129,0.00642,2.92,98334,632,490357,5727174,58.24
Reg4,m,1980-1989,20-24,0.00178,0.00887,2.5,97702,866,486350,5236817,53.60
Reg4,m,1980-1989,25-29,0.00177,0.00882,2.5,96836,854,482047,4750467,49.06
Reg4,m,1980-1989,30-34,0.00199,0.00991,2.55,95982,951,477582,4268421,44.47
Reg4,m,1980-1989,35-39,0.00240,0.01195,2.57,95031,1136,472394,3790839,39.89
Reg4,m,1980-1989,40-44,0.00314,0.01559,2.61,93895,1464,465976,3318445,35.34
Reg4,m,1980-1989,45-49,0.00470,0.02323,2.65,92430,2147,457102,2852470,30.86
Reg4,m,1980-1989,50-54,0.00745,0.03661,2.67,90283,3305,443712,2395368,26.53
Reg4,m,1980-1989,55-59,0.01190,0.05787,2.65,86978,5033,423054,1951656,22.44
Reg4,m,1980-1989,60-64,0.01831,0.08776,2.63,81945,7192,392673,1528602,18.65
Reg4,m,1980-1989,65-69,0.02771,0.12998,2.62,74753,9716,350652,1135929,15.20
Reg4,m,1980-1989,70-74,0.04311,0.19525,2.59,65037,12699,294546,785277,12.07
Reg4,m,1980-1989,75-79,0.06579,0.28320,2.54,52338,14822,225289,490731,9.38
Reg4,m,1980-1989,80-84,0.10286,0.40788,2.46,37516,15302,148763,265442,7.08
Reg4,m,1980-1989,85-89,0.15671,0.55363,2.35,22214,12298,78481,116679,5.25
Reg4,m,1980-1989,90-94,0.23485,0.70638,2.18,9916,7004,29825,38198,3.85
Reg4,m,1980-1989,95-99,0.33128,0.82595,1.96,2911,2405,7259,8374,2.88
Reg4,m,1980-1989,100-104,0.44530,0.90722,1.73,507,460,1032,1115,2.20
Reg4,m,1980-1989,105-109,0.56578,0.95253,1.52,47,45,79,83,1.76
Reg4,m,1980-1989,110+,0.66229,1.00000,1.51,2,2,3,3,1.51
Reg4,m,1990-1999,0,0.00774,0.00768,0.07,100000,768,99282,7392745,73.93
Reg4,m,1990-1999,1-4,0.00042,0.00169,1.62,99232,167,396528,7293462,73.50
Reg4,m,1990-1999,5-9,0.00020,0.00101,2.4,99064,100,495063,6896934,69.62
Reg4,m,1990-1999,10-14,0.00029,0.00145,2.93,98965,144,494527,6401872,64.69
Reg4,m,1990-1999,15-19,0.00116,0.00580,2.9,98821,573,492902,5907345,59.78
Reg4,m,1990-1999,20-24,0.00153,0.00763,2.46,98248,750,489340,5414443,55.11
Reg4,m,1990-1999,25-29,0.00153,0.00762,2.55,97499,743,485677,4925103,50.51
Reg4,m,1990-1999,30-34,0.00195,0.00973,2.62,96756,941,481540,4439426,45.88
Reg4,m,1990-1999,35-39,0.00251,0.01247,2.6,95815,1195,476205,3957886,41.31
Reg4,m,1990-1999,40-44,0.00330,0.01635,2.61,94620,1547,469403,3481682,36.80
Reg4,m,1990-1999,45-49,0.00437,0.02160,2.6,93073,2011,460547,3012278,32.36
Reg4,m,1990-1999,50-54,0.00621,0.03062,2.65,91062,2788,448763,2551731,28.02
Reg4,m,1990-1999,55-59,0.00962,0.04704,2.66,88274,4153,431646,2102969,23.82
Reg4,m,1990-1999,60-64,0.01541,0.07434,2.65,84121,6254,405885,1671323,19.87
Reg4,m,1990-1999,65-69,0.02332,0.11047,2.63,77868,8602,368934,1265438,16.25
Reg4,m,1990-1999,70-74,0.03623,0.16665,2.6,69266,11543,318605,896505,12.94
Reg4,m,1990-1999,75-79,0.05560,0.24482,2.56,57722,14131,254168,577900,10.01
Reg4,m,1990-1999,80-84,0.09316,0.37805,2.51,43591,16480,176902,323732,7.43
Reg4,m,1990-1999,85-89,0.14810,0.53376,2.38,27111,14471,97711,146830,5.42
Reg4,m,1990-1999,90-94,0.23066,0.70122,2.2,12640,8864,38427,49118,3.89
Reg4,m,1990-1999,95-99,0.33631,0.83200,1.96,3777,3142,9343,10692,2.83
Reg4,m,1990-1999,100-104,0.46165,0.91624,1.71,635,581,1259,1348,2.13
Reg4,m,1990-1999,105-109,0.59268,0.95969,1.48,53,51,86,89,1.68
Reg4,m,1990-1999,110+,0.69584,1.00000,1.44,2,2,3,3,1.44
Reg4,m,2000-2009,0,0.00633,0.00629,0.06,100000,629,99410,7627225,76.27
Reg4,m,2000-2009,1-4,0.00031,0.00124,1.61,99371,124,397187,7527815,75.75
Reg4,m,2000-2009,5-9,0.00015,0.00073,2.4,99247,73,496047,7130629,71.85
Reg4,m,2000-2009,10-14,0.00020,0.00100,2.87,99174,100,495660,6634582,66.90
Reg4,m,2000-2009,15-19,0.00084,0.00421,3.03,99075,417,494550,6138922,61.96
Reg4,m,2000-2009,20-24,0.00129,0.00642,2.48,98658,634,491687,5644372,57.21
Reg4,m,2000-2009,25-29,0.00122,0.00607,2.49,98024,595,488624,5152684,52.57
Reg4,m,2000-2009,30-34,0.00133,0.00665,2.59,97428,648,485578,4664061,47.87
Reg4,m,2000-2009,35-39,0.00177,0.00882,2.64,96780,854,481885,4178483,43.17
Reg4,m,2000-2009,40-44,0.00262,0.01302,2.65,95926,1249,476698,3696598,38.54
Reg4,m,2000-2009,45-49,0.00399,0.01976,2.66,94677,1871,469007,3219899,34.01
Reg4,m,2000-2009,50-54,0.00583,0.02877,2.63,92807,2670,457713,2750892,29.64
Reg4,m,2000-2009,55-59,0.00828,0.04062,2.63,90136,3661,441998,2293179,25.44
Reg4,m,2000-2009,60-64,0.01232,0.05984,2.64,86475,5174,420147,1851182,21.41
Reg4,m,2000-2009,65-69,0.01850,0.08862,2.63,81301,7205,389432,1431035,17.60
Reg4,m,2000-2009,70-74,0.02881,0.13485,2.63,74096,9992,346783,1041603,14.06
Reg4,m,2000-2009,75-79,0.04611,0.20752,2.59,64104,13303,288512,694820,10.84
Reg4,m,2000-2009,80-84,0.07922,0.33188,2.56,50801,16860,212817,406308,8.00
Reg4,m,2000-2009,85-89,0.13441,0.50032,2.45,33941,16981,126341,193491,5.70
Reg4,m,2000-2009,90-94,0.22297,0.69057,2.24,16960,11712,52528,67150,3.96
Reg4,m,2000-2009,95-99,0.34116,0.83838,1.97,5248,4400,12896,14622,2.79
Reg4,m,2000-2009,100-104,0.48303,0.92698,1.68,848,786,1628,1726,2.03
Reg4,m,2000-2009,105-109,0.62884,0.96772,1.42,62,60,95,98,1.58
Reg4,m,2000-2009,110+,0.73994,1.00000,1.35,2,2,3,3,1.35
Reg4,m,2010-2019,0,0.00520,0.00518,0.06,100000,518,99513,7795203,77.95
Reg4,m,2010-2019,1-4,0.00024,0.00097,1.58,99482,97,397696,7695690,77.36
Reg4,m,2010-2019,5-9,0.00011,0.00055,2.43,99386,54,496788,7297995,73.43
Reg4,m,2010-2019,10-14,0.00016,0.00078,2.88,99331,77,496493,6801207,68.47
Reg4,m,2010-2019,15-19,0.00063,0.00315,3.03,99254,313,495653,6304714,63.52
Reg4,m,2010-2019,20-24,0.00115,0.00575,2.54,98941,569,493308,5809061,58.71
Reg4,m,2010-2019,25-29,0.00126,0.00630,2.54,98372,620,490334,5315753,54.04
Reg4,m,2010-2019,30-34,0.00141,0.00704,2.55,97752,688,487077,4825419,49.36
Reg4,m,2010-2019,35-39,0.00169,0.00842,2.57,97064,817,483339,4338341,44.70
Reg4,m,2010-2019,40-44,0.00222,0.01104,2.63,96247,1063,478717,3855002,40.05
Reg4,m,2010-2019,45-49,0.00338,0.01675,2.69,95184,1595,472234,3376286,35.47
Reg4,m,2010-2019,50-54,0.00526,0.02598,2.67,93590,2431,462274,2904052,31.03
Reg4,m,2010-2019,55-59,0.00802,0.03934,2.64,91159,3586,447326,2441778,26.79
Reg4,m,2010-2019,60-64,0.01155,0.05622,2.62,87572,4923,426122,1994452,22.77
Reg4,m,2010-2019,65-69,0.01607,0.07736,2.61,82649,6394,397952,1568330,18.98
Reg4,m,2010-2019,70-74,0.02393,0.11321,2.62,76255,8633,360772,1170377,15.35
Reg4,m,2010-2019,75-79,0.03809,0.17457,2.61,67623,11805,309939,809606,11.97
Reg4,m,2010-2019,80-84,0.06328,0.27460,2.59,55818,15327,242201,499667,8.95
Reg4,m,2010-2019,85-89,0.11159,0.43680,2.51,40490,17686,158498,257466,6.36
Reg4,m,2010-2019,90-94,0.19670,0.64416,2.32,22804,14690,74678,98969,4.34
Reg4,m,2010-2019,95-99,0.31314,0.81223,2.04,8115,6591,21048,24290,2.99
Reg4,m,2010-2019,100-104,0.46010,0.91776,1.73,1524,1398,3039,3242,2.13
Reg4,m,2010-2019,105-109,0.61549,0.96561,1.45,125,121,197,202,1.62
Reg4,m,2010-2019,110+,0.73498,1.00000,1.36,4,4,6,6,1.36
