PopName,Sex,Year,Age,mx,qx,ax,lx,dx,Lx,Tx,ex
Div1,f,1960-1969,0,0.01830,0.01800,0.1,100000,1800,98387,7461504,74.62
Div1,f,1960-1969,1-4,0.00068,0.00272,1.62,98200,267,392164,7363117,74.98
Div1,f,1960-1969,5-9,0.00032,0.00159,2.25,97933,156,489236,6970953,71.18
Div1,f,1960-1969,10-14,0.00025,0.00126,2.57,97777,123,488587,6481717,66.29
Div1,f,1960-1969,15-19,0.00041,0.00207,2.65,97654,202,487796,5993130,61.37
Div1,f,1960-1969,20-24,0.00051,0.00256,2.58,97452,250,486657,5505335,56.49
Div1,f,1960-1969,25-29,0.00067,0.00335,2.58,97202,326,485224,5018678,51.63
Div1,f,1960-1969,30-34,0.00095,0.00476,2.6,96877,461,483277,4533454,46.80
Div1,f,1960-1969,35-39,0.00148,0.00738,2.7,96415,712,480441,4050177,42.01
Div1,f,1960-1969,40-44,0.00232,0.01152,2.69,95704,1102,475975,3569736,37.30
Div1,f,1960-1969,45-49,0.00378,0.01873,2.68,94601,1772,468893,3093761,32.70
Div1,f,1960-1969,50-54,0.00585,0.02884,2.65,92830,2678,457857,2624868,28.28
Div1,f,1960-1969,55-59,0.00871,0.04267,2.65,90152,3847,441734,2167011,24.04
Div1,f,1960-1969,60-64,0.01342,0.06508,2.67,86305,5617,418436,1725277,19.99
Div1,f,1960-1969,65-69,0.02176,0.10349,2.64,80689,8351,383708,1306842,16.20
Div1,f,1960-1969,70-74,0.03625,0.16693,2.63,72338,12075,333117,923134,12.76
Div1,f,1960-1969,75-79,0.05861,0.25657,2.57,60262,15461,263802,590016,9.79
Div1,f,1960-1969,80-84,0.09553,0.38607,2.52,44801,17296,181049,326214,7.28
Div1,f,1960-1969,85-89,0.15451,0.54900,2.36,27505,15100,97731,145166,5.28
Div1,f,1960-1969,90-94,0.23489,0.70707,2.19,12404,8771,37340,47435,3.82
Div1,f,1960-1969,95-99,0.34361,0.83863,1.95,3634,3047,8869,10095,2.78
Div1,f,1960-1969,100-104,0.46972,0.91992,1.69,586,539,1148,1226,2.09
Div1,f,1960-1969,105-109,0.60053,0.96141,1.46,47,45,75,78,1.66
Div1,f,1960-1969,110+,0.70295,1.00000,1.42,2,2,3,3,1.42
Div1,f,1970-1979,0,0.01227,0.01213,0.09,100000,1213,98893,7706000,77.06
Div1,f,1970-1979,1-4,0.00049,0.00196,1.64,98787,194,394691,7607108,77.01
Div1,f,1970-1979,5-9,0.00025,0.00127,2.27,98593,125,492624,7212417,73.15
Div1,f,1970-1979,10-14,0.00022,0.00112,2.7,98468,111,492086,6719793,68.24
Div1,f,1970-1979,15-19,0.00045,0.00227,2.68,98357,223,491269,6227707,63.32
Div1,f,1970-1979,20-24,0.00050,0.00249,2.5,98134,244,490061,5736437,58.45
Div1,f,1970-1979,25-29,0.00058,0.00289,2.59,97890,283,488768,5246376,53.59
Div1,f,1970-1979,30-34,0.00077,0.00385,2.71,97607,376,487171,4757609,48.74
Div1,f,1970-1979,35-39,0.00120,0.00597,2.7,97231,581,484817,4270437,43.92
Div1,f,1970-1979,40-44,0.00203,0.01011,2.73,96650,977,481035,3785620,39.17
Div1,f,1970-1979,45-49,0.00339,0.01681,2.68,95674,1609,474629,3304585,34.54
Div1,f,1970-1979,50-54,0.00500,0.02471,2.66,94065,2324,464881,2829956,30.09
Div1,f,1970-1979,55-59,0.00762,0.03744,2.65,91741,3435,450637,2365075,25.78
Div1,f,1970-1979,60-64,0.01169,0.05690,2.64,88306,5025,429672,1914437,21.68
Div1,f,1970-1979,65-69,0.01782,0.08551,2.63,83281,7121,399544,1484765,17.83
Div1,f,1970-1979,70-74,0.02862,0.13407,2.65,76160,10211,356752,1085221,14.25
Div1,f,1970-1979,75-79,0.04749,0.21323,2.61,65949,14062,296100,728469,11.05
Div1,f,1970-1979,80-84,0.07654,0.32239,2.56,51887,16728,218541,432369,8.33
Div1,f,1970-1979,85-89,0.12607,0.47623,2.43,35159,16744,132809,213828,6.08
Div1,f,1970-1979,90-94,0.19659,0.64056,2.28,18415,11796,60004,81019,4.40
Div1,f,1970-1979,95-99,0.29440,0.78849,2.06,6619,5219,17728,21015,3.17
Div1,f,1970-1979,100-104,0.41446,0.89112,1.8,1400,1248,3010,3287,2.35
Div1,f,1970-1979,105-109,0.54590,0.94769,1.56,152,144,265,277,1.82
Div1,f,1970-1979,110+,0.65263,1.00000,1.53,8,8,12,12,1.53
Div1,f,1980-1989,0,0.00822,0.00816,0.08,100000,816,99246,7894458,78.94
Div1,f,1980-1989,1-4,0.00035,0.00139,1.6,99184,138,396408,7795212,78.59
Div1,f,1980-1989,5-9,0.00017,0.00084,2.35,99047,83,495013,7398805,74.70
Div1,f,1980-1989,10-14,0.00017,0.00087,2.65,98964,86,494615,6903791,69.76
Div1,f,1980-1989,15-19,0.00037,0.00182,2.64,98877,180,493960,6409176,64.82
Div1,f,1980-1989,20-24,0.00042,0.00211,2.54,98697,209,492972,5915216,59.93
Div1,f,1980-1989,25-29,0.00048,0.00239,2.57,98488,236,491869,5422244,55.05
Div1,f,1980-1989,30-34,0.00064,0.00318,2.63,98253,312,490525,4930376,50.18
Div1,f,1980-1989,35-39,0.00092,0.00461,2.65,97940,452,488638,4439851,45.33
Div1,f,1980-1989,40-44,0.00152,0.00759,2.68,97489,740,485729,3951213,40.53
Div1,f,1980-1989,45-49,0.00258,0.01280,2.71,96748,1239,480906,3465484,35.82
Div1,f,1980-1989,50-54,0.00428,0.02119,2.67,95509,2024,472834,2984578,31.25
Div1,f,1980-1989,55-59,0.00669,0.03293,2.69,93485,3079,460327,2511743,26.87
Div1,f,1980-1989,60-64,0.01059,0.05166,2.66,90407,4670,441098,2051416,22.69
Div1,f,1980-1989,65-69,0.01641,0.07902,2.65,85737,6775,412766,1610319,18.78
Div1,f,1980-1989,70-74,0.02546,0.12002,2.62,78962,9477,372297,1197552,15.17
Div1,f,1980-1989,75-79,0.04000,0.18260,2.61,69485,12688,317161,825255,11.88
Div1,f,1980-1989,80-84,0.06648,0.28635,2.58,56797,16264,244636,508094,8.95
Div1,f,1980-1989,85-89,0.11251,0.43801,2.47,40533,17754,157800,263458,6.50
Div1,f,1980-1989,90-94,0.18225,0.61111,2.31,22779,13921,76382,105658,4.64
Div1,f,1980-1989,95-99,0.28002,0.77192,2.09,8859,6838,24420,29276,3.30
Div1,f,1980-1989,100-104,0.40359,0.88501,1.83,2020,1788,4430,4856,2.40
Div1,f,1980-1989,105-109,0.54097,0.94664,1.57,232,220,407,426,1.83
Div1,f,1980-1989,110+,0.65305,1.00000,1.53,12,12,19,19,1.53
Div1,f,1990-1999,0,0.00580,0.00577,0.07,100000,577,99463,8024409,80.24
Div1,f,1990-1999,1-4,0.00024,0.00098,1.59,99423,97,397457,7924947,79.71
Div1,f,1990-1999,5-9,0.00011,0.00055,2.41,99326,55,496487,7527489,75.79
Div1,f,1990-1999,10-14,0.00014,0.00068,2.76,99271,67,496203,7031003,70.83
Div1,f,1990-1999,15-19,0.00032,0.00160,2.59,99203,159,495635,6534799,65.87
Div1,f,1990-1999,20-24,0.00034,0.00169,2.58,99045,167,494818,6039164,60.97
Div1,f,1990-1999,25-29,0.00043,0.00216,2.73,98878,213,493903,5544346,56.07
Div1,f,1990-1999,30-34,0.00067,0.00336,2.64,98664,331,492538,5050443,51.19
Div1,f,1990-1999,35-39,0.00095,0.00474,2.64,98333,466,490565,4557904,46.35
Div1,f,1990-1999,40-44,0.00136,0.00680,2.63,97867,665,487762,4067339,41.56
Div1,f,1990-1999,45-49,0.00215,0.01070,2.65,97202,1040,483568,3579577,36.83
Div1,f,1990-1999,50-54,0.00354,0.01755,2.7,96162,1687,476924,3096009,32.20
Div1,f,1990-1999,55-59,0.00583,0.02874,2.68,94475,2715,466079,2619085,27.72
Div1,f,1990-1999,60-64,0.00943,0.04614,2.66,91760,4234,448871,2153006,23.46
Div1,f,1990-1999,65-69,0.01462,0.07068,2.65,87526,6186,423115,1704135,19.47
Div1,f,1990-1999,70-74,0.02295,0.10887,2.64,81340,8855,385776,1281020,15.75
Div1,f,1990-1999,75-79,0.03637,0.16740,2.62,72485,12134,333597,895244,12.35
Div1,f,1990-1999,80-84,0.06098,0.26589,2.59,60351,16047,263131,561647,9.31
Div1,f,1990-1999,85-89,0.10418,0.41344,2.51,44304,18317,175820,298515,6.74
Div1,f,1990-1999,90-94,0.17681,0.60201,2.35,25987,15644,88482,122695,4.72
Div1,f,1990-1999,95-99,0.27886,0.77142,2.1,10343,7979,28612,34213,3.31
Div1,f,1990-1999,100-104,0.40957,0.88959,1.82,2364,2103,5135,5601,2.37
Div1,f,1990-1999,105-109,0.55480,0.95108,1.55,261,248,447,466,1.79
Div1,f,1990-1999,110+,0.67235,1.00000,1.49,13,13,19,19,1.49
Div1,f,2000-2009,0,0.00497,0.00495,0.07,100000,495,99538,8137555,81.38
Div1,f,2000-2009,1-4,0.00017,0.00067,1.62,99505,66,397861,8038017,80.78
Div1,f,2000-2009,5-9,0.00009,0.00046,2.35,99438,46,497070,7640156,76.83
Div1,f,2000-2009,10-14,0.00010,0.00052,2.75,99392,52,496844,7143086,71.87
Div1,f,2000-2009,15-19,0.00025,0.00126,2.71,99340,125,496415,6646242,66.90
Div1,f,2000-2009,20-24,0.00038,0.00190,2.6,99215,189,495622,6149827,61.98
Div1,f,2000-2009,25-29,0.00042,0.00212,2.57,99026,210,494623,5654206,57.10
Div1,f,2000-2009,30-34,0.00055,0.00273,2.67,98817,270,493454,5159582,52.21
Div1,f,2000-2009,35-39,0.00086,0.00431,2.68,98547,424,491751,4666128,47.35
Div1,f,2000-2009,40-44,0.00136,0.00677,2.65,98123,664,489053,4174377,42.54
Div1,f,2000-2009,45-49,0.00207,0.01030,2.66,97458,1004,484940,3685324,37.81
Div1,f,2000-2009,50-54,0.00304,0.01509,2.66,96454,1455,478872,3200384,33.18
Div1,f,2000-2009,55-59,0.00471,0.02328,2.69,94999,2212,469885,2721512,28.65
Div1,f,2000-2009,60-64,0.00775,0.03807,2.69,92787,3533,455778,2251627,24.27
Div1,f,2000-2009,65-69,0.01236,0.06006,2.67,89255,5360,433792,1795849,20.12
Div1,f,2000-2009,70-74,0.02007,0.09584,2.65,83894,8040,400597,1362057,16.24
Div1,f,2000-2009,75-79,0.03288,0.15251,2.63,75854,11569,351808,961460,12.68
Div1,f,2000-2009,80-84,0.05650,0.24903,2.62,64285,16009,283347,609652,9.48
Div1,f,2000-2009,85-89,0.10157,0.40615,2.53,48276,19607,193037,326305,6.76
Div1,f,2000-2009,90-94,0.17866,0.60646,2.35,28669,17387,97318,133269,4.65
Div1,f,2000-2009,95-99,0.29059,0.78715,2.09,11282,8881,30562,35951,3.19
Div1,f,2000-2009,100-104,0.43416,0.90487,1.78,2401,2173,5005,5389,2.24
Div1,f,2000-2009,105-109,0.59053,0.96049,1.49,228,219,372,384,1.68
Div1,f,2000-2009,110+,0.71352,1.00000,1.4,9,9,13,13,1.40
Div1,f,2010-2019,0,0.00418,0.00416,0.06,100000,416,99610,8269528,82.70
Div1,f,2010-2019,1-4,0.00015,0.00058,1.71,99584,58,398201,8169917,82.04
Div1,f,2010-2019,5-9,0.00008,0.00040,2.4,99525,40,497523,7771716,78.09
Div1,f,2010-2019,10-14,0.00009,0.00044,2.67,99485,44,497325,7274193,73.12
Div1,f,2010-2019,15-19,0.00019,0.00095,2.7,99442,94,496993,6776867,68.15
Div1,f,2010-2019,20-24,0.00038,0.00189,2.72,99348,188,496310,6279874,63.21
Div1,f,2010-2019,25-29,0.00056,0.00279,2.62,99160,276,495143,5783564,58.33
Div1,f,2010-2019,30-34,0.00072,0.00360,2.61,98884,356,493567,5288422,53.48
Div1,f,2010-2019,35-39,0.00091,0.00453,2.58,98527,446,491557,4794855,48.67
Div1,f,2010-2019,40-44,0.00127,0.00635,2.65,98081,623,488938,4303297,43.87
Div1,f,2010-2019,45-49,0.00189,0.00942,2.67,97458,918,485149,3814359,39.14
Div1,f,2010-2019,50-54,0.00287,0.01425,2.65,96540,1376,479468,3329210,34.49
Div1,f,2010-2019,55-59,0.00431,0.02132,2.63,95165,2029,471019,2849742,29.95
Div1,f,2010-2019,60-64,0.00632,0.03115,2.66,93135,2901,458897,2378723,25.54
Div1,f,2010-2019,65-69,0.00997,0.04871,2.67,90234,4395,440935,1919826,21.28
Div1,f,2010-2019,70-74,0.01663,0.08008,2.67,85839,6874,413208,1478891,17.23
Div1,f,2010-2019,75-79,0.02829,0.13265,2.66,78965,10475,370290,1065683,13.50
Div1,f,2010-2019,80-84,0.04899,0.21954,2.64,68491,15036,306927,695394,10.15
Div1,f,2010-2019,85-89,0.08877,0.36522,2.57,53454,19522,219930,388467,7.27
Div1,f,2010-2019,90-94,0.16172,0.56951,2.4,33932,19324,119494,168537,4.97
Div1,f,2010-2019,95-99,0.27216,0.76488,2.14,14608,11173,41053,49043,3.36
Div1,f,2010-2019,100-104,0.41712,0.89584,1.82,3434,3077,7376,7990,2.33
Div1,f,2010-2019,105-109,0.57865,0.95806,1.51,358,343,592,614,1.72
Div1,f,2010-2019,110+,0.70705,1.00000,1.41,15,15,21,21,1.41
